start buffer1 
855
959
1140
1125
1089
1075
1074
1076
1128
1192
1210
978
997
1035
1426
1554
1597
1623
1664
1698
1717
1731
1727
1482
1319
1239
1392
1526
1507
1455
1384
1299
1259
1243
1174
1095
753
685
658
959
1039
1029
1026
1050
1073
1054
1111
1158
938
902
979
1156
1401
1487
1546
1625
1686
1739
1794
1869
1771
1681
1722
1886
2037
1910
1993
2091
2307
2551
2762
2816
2861
2548
2465
2433
2565
2584
2489
2370
2308
2256
2225
2242
2269
2031
1998
2040
2316
2567
2654
2727
2775
2818
2873
2902
2943
2836
2642
2619
2663
2961
2984
2945
2904
2849
2811
2789
2760
2692
2335
2163
2159
2182
2277
2219
2116
1999
1893
1793
1743
1668
1424
1208
1127
1233
1435
1403
1377
1391
1429
1456
1494
1548
1589
1507
1407
1402
1485
1831
1988
2074
2074
2096
2142
2132
2118
1920
1791
1759
1917
2078
2032
1985
1903
1890
1842
1778
1711
1691
1399
1285
1265
1363
1551
1551
1558
1541
1558
1572
1572
1617
1370
1330
1330
1620
1771
1834
1868
1903
1997
2049
2121
2167
2173
1950
1947
1996
2274
2089
2003
2045
2080
2169
2392
2422
2299
2069
2050
2071
2359
2376
2331
2253
2219
2194
2160
2158
2158
1981
1885
1904
2025
2351
2444
2524
2606
2664
2737
2801
2840
2842
2554
2518
2535
2802
2921
2913
2881
2867
2827
2768
2691
2636
2333
2192
2070
2225
2286
2223
2106
2038
1949
1839
1722
1663
1550
1183
1084
977
1229
1294
1255
1252
1241
1234
1262
1268
1339
1165
1128
1152
1415
1650
1716
1738
1771
1803
1828
1869
1890
1902
1601
1535
1504
1681
1793
1771
1724
1694
1650
1559
1522
1352
1058
1004
982
1235
1288
1300
1283
1260
1260
1296
1314
1349
1111
1134
1173
1499
1660
1735
1778
1837
1905
1971
2044
2093
2139
1956
1873
1944
1962
2052
2260
2207
2023
1941
2036
2182
2152
1974
1691
1564
1524
1742
1787
1743
1666
1623
1591
1572
1570
1591
1312
1264
1327
1591
1783
1841
1886
1963
2051
2142
2219
2287
2060
2067
2134
2443
2601
2618
2615
2591
2567
2545
2498
2463
2248
2006
1916
1941
2097
2043
1926
1850
1781
1726
1656
1562
1458
1055
938
876
1129
1189
1170
1152
1149
1179
1209
1250
1309
1218
1106
1161
1264
1621
1789
1866
1885
1947
2000
2025
2043
1931
1672
1609
1531
1840
1853
1783
1691
1598
1483
1386
1317
1223
993
755
653
612
881
925
867
849
887
915
949
1005
875
754
770
958
1258
1350
1440
1523
1600
1654
1708
1805
1865
1644
1643
1787
1945
2187
2228
2232
2236
2245
2245
2225
2219
2203
1874
1802
1790
1794
1828
2046
1759
1675
1671
1637
1915
1646
1606
1590
1622
1706
1764
1836
1933
2038
2130
2204
2314
2414
2498
2580
2643
2709
2758
2768
2771
2739
2697
2665
2654
2638
2603
2534
2472
2382
2293
2198
2110
2013
1890
1792
1688
1564
1430
1282
1177
1181
1067
1041
1035
1000
963
967
971
987
1060
1128
1213
1298
1402
1495
1562
1622
1719
1912
1855
1891
1921
1921
1930
1902
1847
1811
1763
1706
1654
1590
1478
1355
1280
1209
1140
1072
1007
980
959
948
961
982
998
1004
994
1039
1095
1146
1188
1218
1273
1350
1403
1460
1533
1577
1766
1764
1817
1888
1955
2011
2071
2118
2162
2205
2290
2366
2451
2529
2577
2591
2565
2506
2438
2337
2205
2069
1975
1817
1748
1674
1655
1655
1673
1719
1772
1861
1927
2023
2133
2256
2363
2440
2514
2588
2659
2715
2759
2782
2696
2707
2742
2746
2714
2662
2605
2569
2478
2398
2319
2228
2176
2115
2028
1917
1810
1698
1591
1480
1353
1372
1172
1051
975
931
887
842
813
795
828
859
920
1003
1069
1150
1244
1317
1371
1458
1535
1583
1669
1718
1733
1732
1707
1659
1659
1593
1514
1444
1392
1337
1226
1143
1049
981
945
911
873
851
814
776
774
795
827
836
863
881
920
992
998
1062
1127
1219
1279
1344
1393
1430
1492
1562
1649
1745
1816
1863
1916
1983
2067
2153
2272
2380
2491
2557
2576
2560
2516
2423
2290
2138
1983
1819
1701
1615
1556
1516
1503
1515
1532
1589
1678
1743
1847
1952
2032
2111
2160
2207
2271
2337
2427
2480
2515
2548
2539
2500
2470
2471
2714
2479
2433
2375
2302
2216
2118
2045
1954
1869
1787
1663
1564
1466
1347
1223
1109
1012
974
893
823
764
708
690
698
704
727
768
824
886
950
1024
1099
1170
1262
1352
1428
1543
1545
1573
1615
1648
1614
1579
1564
1532
1461
1426
1367
1307
1234
1150
1080
1019
966
898
839
803
747
721
690
714
723
719
751
800
805
833
881
911
989
1046
1124
1163
1204
1237
1296
1348
1382
1423
1475
1566
1632
1658
1704
1765
1823
1917
1996
2064
2128
2186
2219
2214
2184
2157
2134
2048
1927
1971
1885
1715
1669
1623
1651
1681
1725
1794
1867
1962
2053
2160
2242
2320
2407
2473
2522
2562
2616
2655
2679
2671
2653
2677
2656
2644
2618
2562
2452
2367
2327
2283
2207
2131
2031
1922
1854
1741
1631
1544
1456
1345
1276
1200
1127
1052
1003
984
953
970
971
974
1006
1039
1114
1198
1272
1360
1392
1464
1537
1605
1629
1672
1724
1733
1700
1692
1704
1721
1700
1670
1669
1626
1588
1552
1483
1443
1391
1316
1267
1237
1176
1191
1202
1207
1235
1230
1243
1272
1283
1331
1362
1414
1462
1525
1595
1659
1707
1727
1778
1842
1891
1953
2008
2053
2121
2183
2223
2259
2283
2300
2287
2303
2326
2411
2351
2325
2351
2317
2292
2264
2187
2112
2051
1998
1958
1951
1940
1950
1999
2042
2086
2122
2180
2170
2269
2313
2365
2406
2431
2496
2545
2574
2573
2570
2566
2586
2621
2596
2570
2535
2471
2420
2358
2369
2300
2220
2092
2008
1914
1806
1716
1638
1557
1475
1396
1315
1250
1209
1148
1091
1051
1079
1050
1080
1113
1141
1166
1223
1283
1327
1360
1419
1481
1525
1560
1608
1628
1665
1688
1679
1676
1686
1670
1642
1617
1547
1488
1456
1382
1318
1226
1174
1113
1065
1018
990
964
949
926
904
923
947
955
996
1049
1112
1184
1245
1328
1386
1445
1480
1519
1595
1669
1741
1811
1867
1936
2001
2011
2019
2023
2063
2096
2080
2044
2000
1947
1907
1867
1818
1732
1669
1653
1634
1643
1617
1591
1579
1577
1591
1625
1669
1705
1731
1795
1837
1915
2000
2084
2140
2174
2249
2316
2368
2412
2450
2468
2466
2487
2458
2430
2390
2329
2258
2206
2140
2103
2057
1957
1831
1730
1613
1515
1420
1382
1316
1248
1189
1131
1077
1032
1009
925
973
947
927
983
1031
1054
1101
1168
1213
1290
1352
1435
1571
1638
1701
1768
1785
1769
1747
1704
1714
1671
1631
1568
1495
1431
1361
1275
1213
1104
1042
1015
996
957
925
880
858
876
895
900
916
931
978
1062
1130
1157
1206
1262
1334
1385
1419
1477
1500
1541
1612
1688
1780
1826
1844
1874
1923
1920
1967
1991
1985
2016
1998
1993
2019
2016
2007
1988
2015
1992
1973
1918
1860
1810
1785
1830
1850
1856
1906
1967
2056
2127
2189
2294
2378
2477
2564
2648
2732
2780
2803
2827
2835
2858
2838
2825
2776
2742
2729
2623
2569
2529
2450
2382
2306
2227
2092
1955
1871
1776
1680
1582
1506
1419
1288
1191
1115
1039
1037
1022
1020
1023
1038
1040
1068
1114
1197
1278
1370
1465
1530
1608
1640
1684
1736
1788
1806
1808
1813
1809
1797
1753
1726
1684
1605
1536
1507
1458
1404
1344
1264
1231
1213
1189
1184
1167
1153
1169
1175
1207
1237
1254
1210
1246
1314
1404
1464
1516
1550
1610
1751
1765
1809
1903
1959
2075
2167
2239
2276
2303
2347
2396
2441
2746
2606
2583
2599
2599
2608
2585
2562
2470
2358
2242
2117
2004
1947
1904
1868
1867
1873
1913
1969
2020
2098
2224
2288
2367
2487
2575
2658
2723
2765
2803
2835
2870
2893
2899
2905
2894
2855
2810
2770
2702
2662
2598
2556
2474
2363
2284
2187
2098
1986
1910
1828
1700
1564
1454
1371
1302
1201
1125
1096
1082
1057
1047
1072
1114
1165
1232
1336
1451
1506
1578
1659
1728
1765
1822
1860
1890
1941
1952
1923
1885
1817
1773
1718
1677
1604
1541
1452
1374
1299
1183
1109
1076
1025
983
963
938
894
879
889
920
950
989
1026
1067
1093
1124
1182
1249
1318
1382
1563
1591
1612
1693
1797
1840
1889
1953
2010
2024
2082
2144
2184
2214
2242
2251
2268
2298
2319
2293
2249
2211
2188
2025
1914
1809
1708
1653
1612
1591
1572
1598
1656
1736
1821
1896
2013
2129
2222
2303
2361
2421
2497
2570
2556
2608
2608
2597
2574
2547
2501
2463
2437
2362
2299
2231
2138
2045
1927
1875
1819
1747
1655
1548
1445
1303
1156
1048
944
871
802
771
767
741
703
698
692
745
801
872
959
1044
1138
1234
1316
1408
1509
1803
1719
1709
1787
1821
1808
1794
1753
1685
1639
1578
1531
1461
1396
1318
1214
1128
1056
983
954
917
868
835
798
816
815
836
845
885
940
1001
1046
1095
1138
1178
1261
1339
1375
1438
1507
1560
1646
1741
1813
1903
1978
1987
2056
2091
2125
2209
2265
2300
2366
2418
2428
2386
2345
2277
2179
2069
1962
1842
1751
1699
1641
1624
1645
1699
1724
1820
1935
2046
2152
2249
2347
2420
2523
2621
2690
2766
2811
2852
2907
2944
2950
2930
2907
2888
2813
2771
2698
2623
2567
2491
2415
2308
2174
2044
1937
1841
1727
1589
1474
1380
1305
1242
1180
1132
1037
995
953
959
962
1009
1051
1111
1158
1221
1287
1361
1467
1558
1666
1761
1796
1860
1878
1862
1872
1873
1864
1831
1811
1779
1727
1645
1577
1447
1335
1275
1212
1145
1078
1025
993
997
975
987
992
986
1022
1063
1171
1209
1258
1312
1359
1391
1546
1575
1632
1680
1772
1843
1921
2001
2079
2136
2204
2299
2394
2490
2582
2669
2773
2870
2939
2958
2918
2848
2767
2635
2477
2329
2202
2051
1946
1891
1879
1880
1887
1941
1993
2073
2163
2238
2322
2420
2513
2601
2658
2748
2818
2858
2885
2924
2971
2993
2993
2974
2974
2955
2926
2887
2793
2678
2565
2501
2455
2288
2162
2088
2019
1887
1790
1682
1575
1482
1411
1351
1274
1208
1169
1152
1132
1128
1141
1179
1202
1276
1341
1432
1490
1556
1649
1742
1811
1882
1915
1962
1991
2007
1996
1967
1925
1905
1889
1819
1766
1707
1632
1528
1452
1351
1263
1207
1136
1053
997
977
945
944
988
984
1001
1044
1091
1121
1162
1225
1273
1352
1408
1452
1515
1567
1619
1707
1777
1850
1911
1962
2037
2049
2093
2217
2193
2239
2268
2335
2379
2394
2409
2398
2377
2337
2266
2195
2091
1975
1852
1766
1692
1632
1627
1671
1635
1710
1820
1906
1973
2067
2204
2269
2331
2398
2438
2474
2511
2513
2536
2595
2604
2585
2561
2503
2495
2399
2345
2266
2185
2163
2104
2015
1911
1813
1717
1635
1530
1428
1344
1253
1179
1106
1047
983
873
837
831
838
866
897
934
961
980
1005
1061
1138
1231
1317
1369
1388
1405
1413
1439
1481
1481
1478
1473
1427
1390
1323
1297
1240
1226
1185
1148
1085
1026
960
912
868
833
817
814
799
832
873
839
855
870
894
925
962
997
1070
1126
1166
1188
1239
1314
1378
1463
1551
1580
1659
1748
1763
1824
1912
1984
2046
2106
2184
2251
2297
2339
2325
2322
2328
2265
2190
2093
2023
1990
1950
1968
2055
2042
2113
2161
2211
2270
2326
2396
2419
2454
2503
2557
2565
2574
2560
2556
2541
2495
2465
2469
2427
2390
2381
2368
2355
2325
2289
2237
2126
2057
1987
1925
1817
1723
1663
1586
1491
1420
1353
1259
1191
1147
1097
1082
1079
1060
1024
1040
1053
1099
1159
1208
1254
1298
1330
1297
1349
1425
1477
1575
1607
1651
1684
1688
1653
1663
1684
1687
1666
1679
1663
1661
1630
1605
1553
1491
1474
1449
1454
1446
1418
1383
1372
1353
1382
1425
1442
1457
1509
1546
1572
1597
1653
1709
1731
1759
1820
1869
1969
2019
2049
2082
start buffer2 
2125
2183
2231
2245
2242
2262
2278
2298
2297
2253
2244
2208
2157
2138
2122
2059
2020
1985
1953
1945
1918
1922
1888
1859
1867
1868
1884
1898
1930
1961
1993
2047
2112
2174
2262
2298
2385
2417
2469
2515
2555
2591
2623
2655
2664
2658
2638
2594
2561
2519
2471
2419
2367
2298
2200
2130
2194
2055
1941
1841
1755
1692
1612
1519
1442
1407
1341
1318
1310
1284
1295
1298
1342
1381
1431
1482
1531
1595
1661
1754
1808
1850
1902
1895
1907
1919
1939
1951
1963
1949
1910
1875
1829
1757
1693
1611
1533
1448
1356
1277
1208
1195
1172
1110
1100
1094
1131
1143
1185
1206
1231
1258
1330
1383
1451
1512
1575
1620
1689
1756
1825
1891
1852
1885
1965
2031
2117
2184
2199
2227
2248
2244
2230
2209
2153
2139
2146
2104
2056
2003
1911
1845
1780
1700
1697
1599
1564
1526
1567
1593
1610
1651
1676
1701
1778
1869
1941
2010
2101
2196
2262
2338
2436
2492
2552
2578
2615
2631
2628
2605
2582
2546
2490
2430
2367
2322
2249
2166
2087
1973
1891
1810
1719
1613
1527
1429
1365
1315
1285
1275
1246
1215
1173
1138
1150
1188
1237
1293
1377
1484
1552
1578
1630
1672
1737
1821
1869
1891
1955
1966
1930
1884
1825
1775
1745
1680
1600
1525
1444
1352
1252
1162
1074
997
957
901
865
811
786
766
737
732
762
792
840
878
908
969
1015
1057
1102
1185
1238
1319
1419
1467
1487
1556
1620
1716
1791
1862
1885
1923
1949
1989
2001
2011
2044
2071
2136
2169
2157
2102
2046
2026
1966
1899
1847
1765
1705
1661
1585
1597
1648
1713
1793
1897
2026
2165
2282
2383
2484
2581
2664
2733
2757
2811
2869
2887
2875
2895
2894
2833
2819
2771
2685
2627
2577
2485
2435
2334
2248
2150
2026
1910
1768
1632
1551
1476
1383
1282
1226
1170
1096
1048
1007
975
974
1009
1049
1077
1143
1256
1329
1409
1480
1535
1653
1741
1791
1826
1860
1874
1870
1868
1857
1855
1820
1782
1724
1662
1563
1460
1387
1322
1263
1211
1149
1139
1129
1126
1112
1117
1108
1125
1141
1176
1191
1258
1330
1372
1430
1508
1552
1616
1679
1727
1806
1854
1930
2040
2093
2187
2274
2302
2370
2451
2515
2589
2690
2792
2876
2917
2915
2892
2815
2689
2547
2368
2215
2068
1957
1877
1835
1809
1812
1836
1911
2001
2086
2160
2262
2339
2435
2519
2610
2671
2726
2781
2829
2881
2900
2899
2914
2934
2910
2889
2857
2789
2726
2650
2561
2494
2433
2359
2282
2187
2058
1933
1817
1746
1655
1537
1461
1380
1311
1232
1157
1148
1102
1098
1122
1154
1194
1226
1302
1353
1407
1493
1587
1657
1774
1850
1905
1970
1981
1997
1978
1960
1938
1895
1847
1783
1723
1645
1538
1416
1324
1242
1154
1094
1046
982
915
875
853
839
857
869
889
973
1014
1051
1084
1138
1188
1388
1395
1414
1439
1498
1575
1658
1731
1801
1892
1972
2034
2079
2126
2222
2309
2405
2496
2585
2644
2677
2671
2628
2537
2417
2298
2141
1995
1929
1835
1756
1729
1739
1785
1846
1918
2010
2098
2185
2264
2343
2419
2487
2569
2661
2737
2770
2820
2840
2870
2884
2852
2830
2798
2773
2719
2658
2603
2520
2430
2356
2280
2172
2052
1978
1876
1763
1667
1535
1402
1290
1195
1118
1013
958
893
851
815
809
834
873
889
926
978
1066
1169
1250
1329
1421
1471
1556
1633
1699
1759
1736
1733
1727
1718
1677
1639
1604
1523
1437
1373
1302
1203
1138
1084
1014
949
898
851
807
800
793
796
780
807
830
860
883
911
961
1027
1066
1107
1159
1279
1299
1382
1449
1511
1559
1634
1730
1786
1823
1864
1920
1983
2074
2131
2156
2216
2258
2297
2260
2218
2165
2112
2039
1921
1796
1703
1611
1546
1494
1506
1571
1651
1714
1783
1877
1967
2041
2126
2229
2340
2438
2495
2564
2593
2611
2638
2691
2716
2696
2681
2689
2694
2674
2594
2509
2441
2391
2487
2247
2139
2014
1881
1775
1669
1579
1454
1350
1256
1201
1097
1008
923
876
871
883
887
919
993
1037
1088
1168
1258
1365
1457
1535
1596
1669
1739
1807
1850
1873
1871
1873
1881
1860
1833
1795
1749
1682
1613
1543
1455
1362
1292
1199
1131
1068
1041
1019
1028
1063
1067
1111
1123
1147
1173
1211
1268
1320
1385
1428
1519
1599
1649
1715
1786
1860
1950
2019
2087
2159
2241
2240
2267
2308
2426
2559
2630
2704
2762
2820
2830
2812
2765
2671
2540
2389
2226
2101
1979
1880
1851
1850
1884
1940
1994
2064
2171
2270
2336
2440
2541
2663
2760
2830
2865
2921
2964
2986
3023
3043
3068
3076
3036
3031
2975
2889
2824
2786
2720
2647
2565
2489
2402
2258
2143
2067
1947
1842
1812
1696
1591
1495
1379
1311
1275
1211
1196
1199
1208
1243
1292
1331
1354
1381
1454
1529
1613
1678
1752
1737
1872
1883
1909
1921
1906
1887
1843
1795
1748
1672
1595
1531
1471
1472
1428
1351
1268
1195
1160
1098
1127
1044
1003
1015
1018
1030
1039
1069
1093
1147
1184
1240
1300
1356
1397
1438
1474
1507
1570
1647
1721
1771
1812
1908
1973
2004
2052
2104
2143
2154
2203
2248
2280
2284
2290
2321
2377
2349
2317
2303
2267
2202
2118
2070
2026
1975
1971
1970
1984
2038
2078
2139
2215
2332
2392
2456
2489
2528
2576
2618
2659
2689
2690
2669
2670
2750
2670
2651
2606
2556
2503
2431
2389
2313
2229
2149
2033
1929
1827
1731
1635
1521
1439
1386
1319
1234
1202
1156
1119
1111
1100
1104
1090
1088
1082
1111
1152
1186
1232
1291
1340
1379
1421
1477
1513
1555
1571
1599
1577
1579
1573
1560
1530
1495
1467
1443
1419
1380
1333
1294
1240
1196
1137
1108
1094
1086
1099
1069
1055
1052
1055
1071
1104
1127
1138
1151
1194
1239
1274
1319
1356
1363
1419
1461
1456
1445
1495
1573
1633
1684
1727
1783
1843
1903
2007
2078
2135
2170
2222
2290
2293
2256
2197
2125
2056
1995
2030
2043
1952
1940
1954
2016
2070
2116
2172
2221
2257
2286
2327
2366
2372
2385
2391
2400
2406
2405
2407
2403
2405
2395
2371
2344
2326
2284
2223
2182
2132
2068
2004
1942
1880
1787
1716
1652
1569
1484
1408
1321
1254
1188
1133
1105
1075
1060
1044
1025
993
1027
1010
1068
1116
1175
1240
1332
1376
1400
1471
1481
1543
1618
1655
1690
1690
1656
1672
1672
1674
1655
1688
1658
1618
1585
1520
1496
1492
1472
1429
1407
1355
1332
1337
1346
1351
1355
1341
1363
1380
1402
1445
1479
1477
1555
1627
1691
1772
1837
1874
1941
2023
2088
2118
2162
2215
2258
2331
2339
2368
2369
2378
2380
2374
2339
2272
2252
2234
2152
2109
2068
2002
1951
1929
1909
1859
1807
1857
1805
1768
1802
1850
1886
1930
1991
2025
2009
2045
2115
2169
2270
2326
2418
2472
2518
2481
2499
2519
2550
2575
2571
2551
2486
2479
2440
2378
2322
2265
2280
2215
2165
2121
2035
1985
1882
1897
1736
1711
1659
1612
1596
1566
1567
1544
1523
1533
1573
1599
1658
1730
1819
1875
1938
2010
2071
2113
2166
2213
2228
2237
2265
2250
2200
2175
2101
2054
1988
1910
1807
1731
1628
1549
1465
1383
1308
1269
1193
1157
1144
1112
1140
1114
1108
1147
1189
1214
1237
1273
1365
1434
1509
1581
1674
1783
1849
1876
1918
1984
2037
2107
2157
2193
2222
2257
2259
2274
2254
2231
2183
2132
2064
1995
1934
1888
1789
1723
1659
1585
1533
1510
1482
1487
1514
1566
1613
1691
1760
1822
1911
1997
2091
2182
2254
2324
2410
2471
2533
2597
2654
2710
2752
2784
2761
2755
2730
2714
2656
2596
2556
2501
2441
2349
2259
2163
2077
2009
1923
1880
1697
1609
1533
1474
1401
1328
1287
1205
1155
1150
1163
1179
1211
1239
1314
1380
1456
1530
1584
1664
1776
1837
1871
1889
1945
1969
1954
1929
1902
1862
1827
1803
1706
1604
1520
1434
1343
1236
1127
1039
939
849
762
718
691
669
745
734
743
742
761
799
824
883
940
1052
1134
1203
1271
1328
1393
1466
1573
1599
1683
1772
1843
1913
1955
1997
2009
2087
2155
2229
2295
2344
2385
2401
2373
2331
2243
2228
2094
1992
1894
1755
1672
1658
1649
1674
1744
1787
1855
1943
2023
2108
2217
2323
2444
2528
2594
2646
2751
2816
2831
2861
2845
2848
2827
2765
2716
2669
2633
2577
2489
2459
2386
2258
2150
2043
1947
1829
1701
1587
1469
1372
1243
1142
1055
1000
927
890
863
859
873
904
950
1000
1087
1167
1219
1295
1363
1458
1534
1626
1695
1736
1775
1784
1810
1814
1874
1783
1739
1694
1663
1580
1514
1420
1323
1259
1178
1123
1085
998
935
923
921
948
963
964
969
1022
1098
1117
1173
1225
1288
1355
1406
1465
1469
1538
1627
1728
1799
1867
1946
1999
2074
2151
2219
2307
2409
2635
2811
2800
2885
2903
2904
2840
2755
2637
2479
2333
2200
2072
1957
1864
1833
1832
1858
1921
2010
2089
2175
2229
2236
2317
2438
2538
2606
2671
2758
2836
2867
2885
2916
2963
2967
2979
3043
3039
2984
2934
2877
2894
2801
2723
2629
2543
2435
2295
2168
2056
1952
1855
1749
1670
1597
1499
1416
1371
1297
1229
1196
1165
1198
1253
1298
1341
1381
1440
1504
1605
1707
1799
1867
1931
1993
2044
2053
2057
2079
2066
2058
2062
2040
1968
1850
1772
1695
1602
1521
1441
1367
1305
1239
1175
1123
1095
1090
1082
1090
1163
1120
1125
1183
1230
1255
1350
1413
1448
1519
1556
1599
1660
1724
1819
1934
2011
2092
2160
2212
2262
2324
2422
2458
2530
2572
2649
2703
2748
2774
2737
2671
2626
2519
2385
2213
2079
1956
1843
1798
1754
1709
1711
1744
1806
1954
1975
2071
2175
2273
2333
2434
2531
2576
2637
2701
2760
2786
2812
2826
2832
2818
2772
2705
2662
2622
2554
2467
2410
2328
2244
2125
2012
1924
1827
1701
1589
1485
1387
1277
1188
1115
1067
1021
965
883
882
912
911
935
967
1026
1108
1198
1260
1353
1429
1499
1569
1683
1766
1822
1842
1833
1786
1859
1763
1713
1619
1546
1492
1447
1390
1285
1203
1130
1035
965
918
883
861
779
737
729
715
763
854
853
887
923
947
1008
1063
1104
1132
1195
1254
1305
1399
1491
1573
1613
1675
1735
1801
1857
1911
1997
2154
2235
2345
2453
2554
2583
2566
2519
2402
2270
2095
1944
1816
1723
1663
1633
1621
1615
1648
1710
1783
1855
1965
2083
2190
2287
2384
2457
2549
2589
2674
2739
2782
2823
2818
2807
2805
2776
2731
2712
2650
2594
2529
2456
2367
2301
2221
2139
2041
1947
1830
1704
1557
1454
1350
1260
1122
1025
947
903
869
824
815
811
812
866
910
979
1075
1175
1251
1319
1434
1541
1611
1663
1710
1786
1819
1802
1793
1792
1775
1770
1750
1684
1622
1635
1490
1443
1378
1315
1264
1209
1138
1086
1064
1025
994
976
1004
1025
1054
1089
1141
1152
1171
1227
1277
1297
1381
1421
1477
1519
1579
1655
1730
1828
1885
1958
2010
2040
2075
2171
2247
2300
2355
2400
2410
2457
2555
2474
2425
2366
2272
2181
2068
1954
1860
1797
1776
1761
1788
1838
1920
2008
2082
2176
2318
2429
2512
2590
2683
2774
2865
2940
2987
3038
3055
3004
2994
3004
3014
2993
2947
2889
2829
2750
2672
2579
2494
2410
2392
2266
2206
2089
1984
1879
1780
1673
1560
1494
1414
1362
1334
1322
1309
1284
1295
1312
1356
1423
1447
1487
1517
1553
1643
1707
1766
1816
1863
1876
1879
1885
1863
1836
1801
1753
1727
1674
1629
1562
1474
1391
1337
1255
1228
1197
1163
1139
1142
1155
1140
1141
1198
1238
1282
1291
1300
1284
1312
1396
1435
1478
1558
1620
1650
1715
1779
1857
1896
1966
2027
2111
2189
2242
2278
2325
2377
2447
2510
2567
2626
2679
2701
2703
2697
2609
2506
2367
2240
2158
2135
2105
2071
2081
2073
2115
2165
2257
2385
2427
2462
2536
2586
2640
2686
2715
2733
2719
2713
2711
2679
2658
2630
2603
2534
2420
2390
2364
2306
2225
2145
2064
2003
1925
1842
1716
1646
1583
1476
1437
1396
1417
